1769083748217 313.59515625 1
1769083999236 251.005125 2
1769084268416 269.16678125 3
1769084524331 255.90225 4
1769084773974 249.62971875 5
1769085045889 249.9514375 6
1769085296014 250.114953125 7
1769085544748 248.722890625 8
1769085802052 257.292921875 9
1769086058121 256.05796875 10
1769086328682 256.72071875 11
1769086585443 256.749953125 12
1769086855056 269.60175 13
1769087173164 318.097625 14
1769087471037 297.8624375 15
1769087788455 296.53175 16
1769088054642 266.17496875 17
1769088320555 265.9025625 18
1769088585661 265.0949375 19
1769088851771 266.09978125 20
1769089131411 264.57746875 21
1769089393024 261.60153125 22
1769089655432 262.39634375 23
1769089918335 262.8918125 24
1769090183721 265.37471875 25
1769090461763 262.864875 26
1769090726398 264.623625 27
1769090990037 263.62784375 28
1769091253307 263.259 29
1769091517924 264.6054375 30
1769091797303 264.34471875 31
1769092061574 264.258625 32
1769092329667 268.081625 33
1769092590643 260.965 34
1769092854538 263.88340625 35
1769093136796 267.0251875 36
1769093401858 265.04940625 37
1769093666760 264.88871875 38
1769093932823 266.05171875 39
1769094199963 267.12875 40
1769094482123 267.09959375 41
1769094746074 263.94059375 42
1769095011283 265.19759375 43
1769095274939 263.64525 44
1769095540425 265.47496875 45
1769095821575 265.96515625 46
1769096085200 263.6146875 47
1769096347996 262.78509375 48
1769096612037 264.030375 49
1769096876306 264.25803125 50
1769097155838 264.577875 51
