1769083748220 313595.15625 1
1769083999238 251005.125 2
1769084268418 269166.78125 3
1769084524333 255902.25 4
1769084773976 249629.71875 5
1769085045890 249951.4375 6
1769085296016 250114.953125 7
1769085544750 248722.890625 8
1769085802054 257292.921875 9
1769086058122 256057.96875 10
1769086328684 256720.71875 11
1769086585445 256749.953125 12
1769086855057 269601.75 13
1769087173165 318097.625 14
1769087471039 297862.4375 15
1769087788457 296531.75 16
1769088054644 266174.96875 17
1769088320557 265902.5625 18
1769088585663 265094.9375 19
1769088851773 266099.78125 20
1769089131413 264577.46875 21
1769089393026 261601.53125 22
1769089655434 262396.34375 23
1769089918337 262891.8125 24
1769090183722 265374.71875 25
1769090461765 262864.875 26
1769090726400 264623.625 27
1769090990039 263627.84375 28
1769091253309 263259.0 29
1769091517925 264605.4375 30
1769091797305 264344.71875 31
1769092061576 264258.625 32
1769092329669 268081.625 33
1769092590645 260964.99999999997 34
1769092854540 263883.40625 35
1769093136798 267025.1875 36
1769093401860 265049.40625 37
1769093666762 264888.71875 38
1769093932825 266051.71875 39
1769094199965 267128.75 40
1769094482125 267099.59375 41
1769094746076 263940.59375 42
1769095011285 265197.59375 43
1769095274941 263645.25 44
1769095540426 265474.96875 45
1769095821577 265965.15625 46
1769096085202 263614.6875 47
1769096347998 262785.09375 48
1769096612039 264030.375 49
1769096876308 264258.03125 50
1769097155839 264577.875 51
