1769068254132 49.998375 1
1769068299703 45.55635546875 2
1769068345176 45.4606875 3
1769068391434 46.24716796875 4
1769068436977 45.5303828125 5
1769068484892 45.7499296875 6
1769068530542 45.63844140625 7
1769068576870 46.3160390625 8
1769068622520 45.63865234375 9
1769068668098 45.565953125 10
1769068715517 45.62902734375 11
1769068761122 45.5940078125 12
1769068807323 46.18774609375 13
1769068853003 45.6689765625 14
1769068898798 45.7830546875 15
1769068946379 45.77285546875 16
1769068992225 45.8343515625 17
1769069038661 46.4241953125 18
1769069084397 45.7242578125 19
1769069130087 45.67785546875 20
1769069177665 45.7677109375 21
1769069222758 45.0810703125 22
1769069268490 45.72026953125 23
1769069313688 45.1863828125 24
1769069359094 45.39515625 25
1769069406295 45.32312109375 26
1769069452372 46.065890625 27
1769069498411 46.028796875 28
1769069544311 45.88985546875 29
1769069590191 45.86903515625 30
1769069638251 46.223703125 31
1769069684719 46.45754296875 32
1769069731139 46.4094765625 33
1769069777518 46.368265625 34
1769069823949 46.42020703125 35
1769069872068 46.2585078125 36
1769069918941 46.862484375 37
1769069965193 46.2417265625 38
1769070011397 46.19405859375 39
1769070057778 46.37047265625 40
1769070105783 46.126375 41
1769070152500 46.7063828125 42
1769070198555 46.0449921875 43
1769070244718 46.15252734375 44
1769070290862 46.133890625 45
1769070338659 45.9657578125 46
1769070385382 46.71243359375 47
1769070431740 46.34775390625 48
1769070477901 46.1498671875 49
1769070524264 46.35237109375 50
1769070572720 46.6308359375 51
1769070619162 46.43223828125 52
1769070665344 46.17218359375 53
1769070711469 46.114796875 54
1769070757625 46.1454921875 55
1769070805957 46.50341796875 56
1769070852184 46.217109375 57
1769070898361 46.16697265625 58
1769070944482 46.1103203125 59
1769070990552 46.05938671875 60
1769071039053 46.69072265625 61
1769071084970 45.9063828125 62
1769071130684 45.7030234375 63
1769071176481 45.7869140625 64
1769071222167 45.67601171875 65
1769071270339 46.36816796875 66
1769071315976 45.62680859375 67
1769071361691 45.704609375 68
1769071407238 45.53587890625 69
1769071453215 45.96726953125 70
1769071500776 45.79858203125 71
1769071546328 45.54231640625 72
1769071591825 45.48622265625 73
1769071637472 45.63691015625 74
1769071683468 45.98637890625 75
1769071731352 46.086375 76
1769071777660 46.29798046875 77
1769071825245 47.5745703125 78
1769071871852 46.5973359375 79
1769071917805 45.94181640625 80
