1769068254135 49998.375 1
1769068299705 45556.35546875 2
1769068345177 45460.6875 3
1769068391436 46247.16796875 4
1769068436978 45530.3828125 5
1769068484894 45749.9296875 6
1769068530544 45638.44140625 7
1769068576872 46316.0390625 8
1769068622522 45638.65234375 9
1769068668100 45565.953125 10
1769068715518 45629.02734375 11
1769068761124 45594.0078125 12
1769068807324 46187.74609375 13
1769068853005 45668.9765625 14
1769068898800 45783.0546875 15
1769068946381 45772.85546875 16
1769068992227 45834.3515625 17
1769069038663 46424.1953125 18
1769069084399 45724.2578125 19
1769069130088 45677.85546875 20
1769069177667 45767.7109375 21
1769069222760 45081.0703125 22
1769069268492 45720.26953125 23
1769069313690 45186.3828125 24
1769069359096 45395.15625 25
1769069406297 45323.12109375 26
1769069452373 46065.890625 27
1769069498412 46028.796875 28
1769069544313 45889.85546875 29
1769069590193 45869.03515625 30
1769069638253 46223.703125 31
1769069684720 46457.54296875 32
1769069731141 46409.4765625 33
1769069777520 46368.265625 34
1769069823950 46420.20703125 35
1769069872069 46258.5078125 36
1769069918943 46862.484375 37
1769069965194 46241.7265625 38
1769070011399 46194.05859375 39
1769070057780 46370.47265625 40
1769070105784 46126.375 41
1769070152501 46706.3828125 42
1769070198557 46044.9921875 43
1769070244719 46152.52734375 44
1769070290864 46133.890625 45
1769070338661 45965.7578125 46
1769070385384 46712.43359375 47
1769070431742 46347.75390625 48
1769070477903 46149.8671875 49
1769070524265 46352.37109375 50
1769070572722 46630.8359375 51
1769070619164 46432.23828125 52
1769070665346 46172.18359375 53
1769070711471 46114.796875 54
1769070757626 46145.4921875 55
1769070805958 46503.41796875 56
1769070852186 46217.109375 57
1769070898363 46166.97265625 58
1769070944484 46110.3203125 59
1769070990554 46059.38671875 60
1769071039055 46690.72265625 61
1769071084972 45906.3828125 62
1769071130685 45703.0234375 63
1769071176482 45786.9140625 64
1769071222169 45676.01171875 65
1769071270341 46368.16796875 66
1769071315978 45626.80859375 67
1769071361693 45704.609375 68
1769071407239 45535.87890625 69
1769071453217 45967.26953125 70
1769071500778 45798.58203125 71
1769071546330 45542.31640625 72
1769071591826 45486.22265625 73
1769071637473 45636.91015625 74
1769071683470 45986.37890625 75
1769071731354 46086.375 76
1769071777662 46297.98046875 77
1769071825246 47574.5703125 78
1769071871854 46597.3359375 79
1769071917807 45941.81640625 80
