1769112379594 322.3998125 51
1769112644690 265.08328125 52
1769112928433 283.7319375 53
1769113199397 270.95303125 54
1769113471076 271.6678125 55
1769113755436 269.78125 56
1769114025413 269.96628125 57
1769114295481 270.05678125 58
1769114567094 271.6025 59
1769114837219 270.1145 60
1769115123850 270.9531875 61
1769115395456 271.5945 62
1769115685679 290.21134375 63
1769116007070 321.379 64
1769116326635 319.5533125 65
1769116621738 273.87609375 66
1769116897071 275.32084375 67
1769117167618 270.53590625 68
1769117440025 272.3953125 69
1769117712858 272.8224375 70
1769117996499 268.87875 71
1769118266881 270.37015625 72
1769118539117 272.2254375 73
1769118812126 272.99853125 74
1769119085334 273.19696875 75
1769119369780 269.46171875 76
1769119641007 271.21665625 77
1769119911537 270.51871875 78
1769120183916 272.367375 79
1769120457889 273.9618125 80
1769120743671 271.16921875 81
1769121011309 267.625625 82
1769121283173 271.85159375 83
1769121555664 272.4803125 84
1769121831450 275.77546875 85
1769122119719 272.817625 86
1769122393061 273.3306875 87
1769122663748 270.67603125 88
1769122935198 271.4399375 89
1769123208802 273.59325 90
