1769112379587 0.000994093372095585 51
1769112644687 0.0009938503261272711 52
1769112928430 0.000993602410990412 53
1769113199394 0.0009933496291318299 54
1769113471072 0.0009930919830463797 55
1769113755432 0.0009928294752769243 56
1769114025410 0.0009925621084143094 57
1769114295477 0.000992289885097338 58
1769114567090 0.0009920128080127442 59
1769114837215 0.000991730879895167 60
1769115123846 0.0009914441035271233 61
1769115395452 0.00099115248173898 62
1769115685675 0.0009908560174089261 63
1769116007066 0.0009905547134629452 64
1769116326631 0.0009902485728747856 65
1769116621734 0.000989937598665931 66
1769116897067 0.0009896217939055717 67
1769117167614 0.000989301161710573 68
1769117440021 0.0009889757052454452 69
1769117712854 0.0009886454277223122 70
1769117996496 0.0009883103324008799 71
1769118266877 0.0009879704225884038 72
1769118539113 0.0009876257016396565 73
1769118812122 0.000987276172956895 74
1769119085330 0.0009869218399898255 75
1769119369776 0.0009865627062355718 76
1769119641004 0.0009861987752386389 77
1769119911533 0.0009858300505908792 78
1769120183912 0.0009854565359314557 79
1769120457885 0.0009850782349468074 80
1769120743667 0.0009846951513706123 81
1769121011305 0.0009843072889837508 82
1769121283169 0.000983914651614268 83
1769121555660 0.000983517243137336 84
1769121831447 0.000983115067475216 85
1769122119715 0.00098270812859722 86
1769122393057 0.0009822964305196697 87
1769122663744 0.0009818799773058595 88
1769122935195 0.0009814587730660141 89
1769123208798 0.0009810328219572494 90
