1769112379597 322399.8125 51
1769112644692 265083.28125 52
1769112928435 283731.9375 53
1769113199399 270953.03125 54
1769113471077 271667.8125 55
1769113755438 269781.25 56
1769114025415 269966.28125 57
1769114295482 270056.78125 58
1769114567096 271602.5 59
1769114837221 270114.5 60
1769115123852 270953.1875 61
1769115395458 271594.5 62
1769115685681 290211.34375 63
1769116007072 321379.0 64
1769116326637 319553.3125 65
1769116621740 273876.09375 66
1769116897072 275320.84375 67
1769117167620 270535.90625 68
1769117440027 272395.3125 69
1769117712860 272822.4375 70
1769117996501 268878.75 71
1769118266882 270370.15625 72
1769118539119 272225.4375 73
1769118812128 272998.53125 74
1769119085336 273196.96875 75
1769119369782 269461.71875 76
1769119641009 271216.65625 77
1769119911539 270518.71875 78
1769120183918 272367.375 79
1769120457891 273961.8125 80
1769120743673 271169.21875 81
1769121011312 267625.625 82
1769121283174 271851.59375 83
1769121555666 272480.3125 84
1769121831452 275775.46875 85
1769122119720 272817.625 86
1769122393063 273330.6875 87
1769122663749 270676.03125 88
1769122935200 271439.9375 89
1769123208804 273593.25 90
