1769112379582 0.0030287555418908596 51
1769112644684 0.002966863801702857 52
1769112928427 0.002960076555609703 53
1769113199391 0.002923854859545827 54
1769113471069 0.003007427789270878 55
1769113755430 0.0029162385035306215 56
1769114025407 0.0028183984104543924 57
1769114295474 0.0028215227648615837 58
1769114567087 0.0028154682368040085 59
1769114837213 0.0026742778718471527 60
1769115123844 0.002890080912038684 61
1769115395449 0.002670528134331107 62
1769115685671 0.002704855054616928 63
1769116007063 0.0027381873223930597 64
1769116326628 0.0028709424659609795 65
1769116621731 0.0027666809037327766 66
1769116897064 0.002739931922405958 67
1769117167611 0.002696890849620104 68
1769117440018 0.002634270116686821 69
1769117712852 0.0026088852901011705 70
1769117996493 0.0025256150402128696 71
1769118266874 0.00271752686239779 72
1769118539110 0.002668756991624832 73
1769118812120 0.00262678530998528 74
1769119085328 0.0026286274660378695 75
1769119369774 0.002685221843421459 76
1769119641001 0.002710062777623534 77
1769119911531 0.0024977060966193676 78
1769120183909 0.0025949988048523664 79
1769120457882 0.0025053126737475395 80
1769120743664 0.0026654498651623726 81
1769121011302 0.002674577059224248 82
1769121283166 0.002506800927221775 83
1769121555658 0.0025266523007303476 84
1769121831444 0.002514816354960203 85
1769122119712 0.002417236100882292 86
1769122393054 0.002563212066888809 87
1769122663741 0.00256868707947433 88
1769122935192 0.0025158007629215717 89
1769123208796 0.002424835693091154 90
