1769073526962 328.145875 1
1769073788159 261.183640625 2
1769074061313 273.143875 3
1769074322282 260.959625 4
1769074585224 262.931875 5
1769074860106 252.51365625 6
1769075111335 251.217703125 7
1769075372556 261.21075 8
1769075635290 262.72428125 9
1769075932468 297.16809375 10
1769076272326 321.75103125 11
1769076537800 265.46234375 12
1769076804203 266.39309375 13
1769077064962 260.748765625 14
1769077327404 262.43165625 15
1769077601799 259.53621875 16
1769077862280 260.471328125 17
1769078128231 265.94065625 18
1769078446398 318.15878125 19
1769078733419 287.01075 20
1769079071247 315.12953125 21
1769079331939 260.6825625 22
1769079594813 262.8640625 23
1769079856106 261.145796875 24
1769080148827 292.6169375 25
1769080442963 277.37065625 26
1769080715228 272.22128125 27
1769080991606 276.312 28
1769081257080 265.4115 29
1769081518502 261.412125 30
1769081794226 260.682828125 31
1769082053602 259.366890625 32
1769082314717 261.10521875 33
