1769073526956 0.001 1
1769073788155 0.0009999975350683283 2
1769074061309 0.0009999901402976406 3
1769074322279 0.0009999778157609206 4
1769074585220 0.0009999605615798064 5
1769074860102 0.0009999383779245898 6
1769075111331 0.0009999112650142144 7
1769075372552 0.000999879223116274 8
1769075635287 0.0009998422525470086 9
1769075932464 0.0009998003536713033 10
1769076272322 0.000999753526902683 11
1769076537796 0.000999701772703309 12
1769076804199 0.0009996450915839745 13
1769077064958 0.0009995834841040989 14
1769077327400 0.0009995169508717236 15
1769077601796 0.0009994454925435043 16
1769077862277 0.0009993691098247061 17
1769078128227 0.0009992878034691954 18
1769078446394 0.0009992015742794334 19
1769078733414 0.000999110423106467 20
1769079071243 0.000999014350849922 21
1769079331936 0.0009989133584579924 22
1769079594810 0.0009988074469274321 23
1769079855992 0.0009986966173035458 24
1769080148820 0.0009985808706801766 25
1769080442938 0.0009984602081996973 26
1769080715224 0.0009983346310529976 27
1769080991567 0.0009982041404794737 28
1769081257077 0.0009980687377670145 29
1769081518498 0.00099792842425199 30
1769081794223 0.000997783201319238 31
1769082053598 0.0009976330704020507 32
1769082314713 0.000997478032982159 33
