1769073526965 328145.875 1
1769073788161 261183.640625 2
1769074061315 273143.875 3
1769074322284 260959.62500000003 4
1769074585225 262931.875 5
1769074860108 252513.65625 6
1769075111337 251217.703125 7
1769075372558 261210.75000000003 8
1769075635292 262724.28125 9
1769075932470 297168.09375 10
1769076272328 321751.03125 11
1769076537801 265462.34375 12
1769076804205 266393.09375 13
1769077064964 260748.76562499997 14
1769077327406 262431.65625 15
1769077601801 259536.21875 16
1769077862282 260471.328125 17
1769078128232 265940.65625 18
1769078446399 318158.78125 19
1769078733421 287010.75 20
1769079071249 315129.53125 21
1769079331941 260682.56250000003 22
1769079594815 262864.0625 23
1769079856131 261145.79687499997 24
1769080148829 292616.9375 25
1769080442974 277370.65625 26
1769080715229 272221.28125 27
1769080991626 276312.0 28
1769081257082 265411.5 29
1769081518503 261412.125 30
1769081794228 260682.828125 31
1769082053603 259366.890625 32
1769082314719 261105.21875 33
