1769068254127 0.0001 1
1769068299699 9.9999755727492e-05 2
1769068345172 9.999902291237878e-05 3
1769068391431 9.999780156189302e-05 4
1769068436973 9.999609168808891e-05 5
1769068484888 9.999389330784221e-05 6
1769068530539 9.999120644285006e-05 7
1769068576866 9.998803111963074e-05 8
1769068622517 9.998436736952336e-05 9
1769068668094 9.998021522868771e-05 10
1769068715513 9.997557473810373e-05 11
1769068761119 9.997044594357117e-05 12
1769068807318 9.996482889570917e-05 13
1769068853000 9.995872364995573e-05 14
1769068898794 9.99521302665672e-05 15
1769068946375 9.994504881061754e-05 16
1769068992221 9.993747935199789e-05 17
1769069038657 9.992942196541575e-05 18
1769069084393 9.992087673039428e-05 19
1769069130083 9.99118437312715e-05 20
1769069177662 9.990232305719945e-05 21
1769069222754 9.989231480214336e-05 22
1769069268487 9.988181906488065e-05 23
1769069313684 9.987083594900002e-05 24
1769069359091 9.985936556290038e-05 25
1769069406292 9.984740801978982e-05 26
1769069452369 9.983496343768446e-05 27
1769069498408 9.98220319394073e-05 28
1769069544308 9.980861365258703e-05 29
1769069590188 9.979470870965668e-05 30
1769069638248 9.978031724785244e-05 31
1769069684716 9.976543940921224e-05 32
1769069731136 9.975007534057434e-05 33
1769069777515 9.973422519357587e-05 34
1769069823945 9.971788912465142e-05 35
1769069872065 9.970106729503138e-05 36
1769069918938 9.968375987074039e-05 37
1769069965190 9.966596702259576e-05 38
1769070011394 9.964768892620573e-05 39
1769070057775 9.962892576196774e-05 40
1769070105780 9.960967771506662e-05 41
1769070152497 9.958994497547283e-05 42
1769070198552 9.956972773794053e-05 43
1769070244715 9.954902620200571e-05 44
1769070290859 9.952784057198417e-05 45
1769070338656 9.950617105696954e-05 46
1769070385379 9.948401787083116e-05 47
1769070431737 9.946138123221205e-05 48
1769070477898 9.943826136452668e-05 49
1769070524261 9.941465849595883e-05 50
1769070572717 9.939057285945926e-05 51
1769070619159 9.936600469274349e-05 52
1769070665341 9.934095423828941e-05 53
1769070711466 9.93154217433349e-05 54
1769070757622 9.928940745987535e-05 55
1769070805954 9.926291164466125e-05 56
1769070852181 9.923593455919561e-05 57
1769070898358 9.920847646973136e-05 58
1769070944479 9.918053764726877e-05 59
1769070990549 9.915211836755271e-05 60
1769071039050 9.912321891107005e-05 61
1769071084967 9.90938395630467e-05 62
1769071130681 9.906398061344499e-05 63
1769071176478 9.90336423569607e-05 64
1769071222164 9.900282509302016e-05 65
1769071270336 9.897152912577736e-05 66
1769071315973 9.893975476411081e-05 67
1769071361688 9.890750232162067e-05 68
1769071407235 9.887477211662551e-05 69
1769071453212 9.884156447215925e-05 70
1769071500773 9.880787971596794e-05 71
1769071546325 9.877371818050649e-05 72
1769071591822 9.873908020293551e-05 73
1769071637469 9.870396612511781e-05 74
1769071683465 9.86683762936152e-05 75
1769071731349 9.863231105968491e-05 76
1769071777657 9.859577077927629e-05 77
1769071825242 9.85587558130271e-05 78
1769071871849 9.852126652626016e-05 79
1769071917802 9.848330328897956e-05 80
