1769068254123 1.8306021690368652 1
1769068299696 1.8050129413604736 2
1769068345170 1.8012242317199707 3
1769068391428 1.4644792079925537 4
1769068436971 0.9376187920570374 5
1769068484886 0.605312705039978 6
1769068530536 0.4661247730255127 7
1769068576864 0.4048568904399872 8
1769068622514 0.3672594428062439 9
1769068668092 0.33844661712646484 10
1769068715511 0.311128705739975 11
1769068761117 0.29388242959976196 12
1769068807316 0.28071969747543335 13
1769068852997 0.26510125398635864 14
1769068898792 0.2505415081977844 15
1769068946373 0.2299199104309082 16
1769068992219 0.18002930283546448 17
1769069038655 0.12493374198675156 18
1769069084391 0.1038413792848587 19
1769069130081 0.10028321295976639 20
1769069177660 0.09168370068073273 21
1769069222752 0.0820905864238739 22
1769069268484 0.08219320327043533 23
1769069313682 0.07672867178916931 24
1769069359089 0.07252085208892822 25
1769069406290 0.07147844135761261 26
1769069452366 0.06721040606498718 27
1769069498406 0.06668367236852646 28
1769069544306 0.06405914574861526 29
1769069590186 0.0632757917046547 30
1769069638246 0.06570173054933548 31
1769069684714 0.06051728501915932 32
1769069731134 0.05708300694823265 33
1769069777513 0.05839458853006363 34
1769069823943 0.05748044699430466 35
1769069872063 0.05833955854177475 36
1769069918936 0.05499102547764778 37
1769069965188 0.054210688918828964 38
1769070011392 0.05014101043343544 39
1769070057773 0.05326445400714874 40
1769070105777 0.05052962899208069 41
1769070152494 0.04946421831846237 42
1769070198550 0.05077612027525902 43
1769070244713 0.05063649266958237 44
1769070290857 0.04958292096853256 45
1769070338654 0.046867240220308304 46
1769070385377 0.047127120196819305 47
1769070431735 0.04757247120141983 48
1769070477896 0.046473320573568344 49
1769070524258 0.0463586300611496 50
1769070572715 0.045158833265304565 51
1769070619157 0.041584596037864685 52
1769070665339 0.04281622916460037 53
1769070711464 0.046481017023324966 54
1769070757619 0.04264040291309357 55
1769070805952 0.04158393293619156 56
1769070852179 0.040631867945194244 57
1769070898356 0.0437890887260437 58
1769070944477 0.04201175644993782 59
1769070990547 0.04085705801844597 60
1769071039048 0.039276476949453354 61
1769071084965 0.03870734944939613 62
1769071130679 0.04055318981409073 63
1769071176476 0.039570994675159454 64
1769071222162 0.037287499755620956 65
1769071270334 0.03715088218450546 66
1769071315971 0.03718819096684456 67
1769071361686 0.03866373747587204 68
1769071407233 0.03664548322558403 69
1769071453210 0.036915481090545654 70
1769071500771 0.03583710268139839 71
1769071546324 0.0346379280090332 72
1769071591820 0.034479770809412 73
1769071637467 0.033146295696496964 74
1769071683463 0.03262731805443764 75
1769071731347 0.03453856334090233 76
1769071777655 0.03356429934501648 77
1769071825240 0.03376114368438721 78
1769071871847 0.0321478545665741 79
1769071917799 0.03175866976380348 80
