1769083748212 0.001 1
1769083999232 0.0009999975350683283 2
1769084268412 0.0009999901402976406 3
1769084524327 0.0009999778157609206 4
1769084773970 0.0009999605615798064 5
1769085045885 0.0009999383779245898 6
1769085296011 0.0009999112650142144 7
1769085544745 0.000999879223116274 8
1769085802049 0.0009998422525470086 9
1769086058117 0.0009998003536713033 10
1769086328679 0.000999753526902683 11
1769086585440 0.000999701772703309 12
1769086855052 0.0009996450915839745 13
1769087173160 0.0009995834841040989 14
1769087471033 0.0009995169508717236 15
1769087788452 0.0009994454925435043 16
1769088054637 0.0009993691098247061 17
1769088320552 0.0009992878034691954 18
1769088585657 0.0009992015742794334 19
1769088851768 0.000999110423106467 20
1769089131408 0.000999014350849922 21
1769089393020 0.0009989133584579924 22
1769089655429 0.0009988074469274321 23
1769089918332 0.0009986966173035458 24
1769090183717 0.0009985808706801766 25
1769090461759 0.0009984602081996973 26
1769090726395 0.0009983346310529976 27
1769090990034 0.0009982041404794737 28
1769091253304 0.0009980687377670145 29
1769091517920 0.00099792842425199 30
1769091797300 0.000997783201319238 31
1769092061570 0.0009976330704020507 32
1769092329663 0.000997478032982159 33
1769092590639 0.00099731809058972 34
1769092854534 0.0009971532448033006 35
1769093136791 0.000996983497249862 36
1769093401854 0.0009968088496047438 37
1769093666756 0.000996629303591648 38
1769093932820 0.0009964448609826215 39
1769094199959 0.0009962555235980381 40
1769094482119 0.0009960612933065814 41
1769094746071 0.0009958621720252258 42
1769095011279 0.000995658161719218 43
1769095274936 0.0009954492644020578 44
1769095540421 0.0009952354821354769 45
1769095821571 0.00099501681702942 46
1769096085197 0.0009947932712420237 47
1769096347993 0.0009945648469795946 48
1769096612034 0.0009943315464965878 49
1769096876302 0.000994093372095585 50
1769097155834 0.0009938503261272711 51
