1769083748207 0.05993277207016945 1
1769083999229 0.02652547135949135 2
1769084268409 0.01569400727748871 3
1769084524324 0.011569718830287457 4
1769084773967 0.00988512858748436 5
1769085045882 0.00869558285921812 6
1769085296008 0.007878431119024754 7
1769085544742 0.007316151168197393 8
1769085802046 0.0068926699459552765 9
1769086058115 0.006727748550474644 10
1769086328676 0.006178795360028744 11
1769086585437 0.00584338279440999 12
1769086855050 0.0057228077203035355 13
1769087173158 0.00548169482499361 14
1769087471031 0.005388852674514055 15
1769087788449 0.0051598926074802876 16
1769088054635 0.004989576525986195 17
1769088320549 0.004915240220725536 18
1769088585654 0.004830952733755112 19
1769088851766 0.004591584205627441 20
1769089131405 0.0044973487965762615 21
1769089393017 0.0043699610978364944 22
1769089655426 0.004258063621819019 23
1769089918329 0.004233503248542547 24
1769090183714 0.004115765448659658 25
1769090461757 0.003889206564053893 26
1769090726391 0.00398325826972723 27
1769090990031 0.003927555400878191 28
1769091253301 0.003818279365077615 29
1769091517917 0.003822550643235445 30
1769091797297 0.003800372825935483 31
1769092061566 0.0036170275416225195 32
1769092329660 0.0035790163092315197 33
1769092590636 0.003655719803646207 34
1769092854531 0.003411340992897749 35
1769093136788 0.0033648365642875433 36
1769093401851 0.0036324358079582453 37
1769093666752 0.0034500069450587034 38
1769093932817 0.003374389372766018 39
1769094199957 0.003211024682968855 40
1769094482117 0.0032019512727856636 41
1769094746068 0.003261533100157976 42
1769095011276 0.0031659347005188465 43
1769095274933 0.003112692618742585 44
1769095540419 0.0033017569221556187 45
1769095821569 0.0031363298185169697 46
1769096085194 0.003230752656236291 47
1769096347990 0.003151439130306244 48
1769096612031 0.0029448880814015865 49
1769096876300 0.0029703015461564064 50
1769097155832 0.003024088218808174 51
