1769073526952 0.05974866822361946 1
1769073788151 0.02765406295657158 2
1769074061307 0.01635459065437317 3
1769074322276 0.011759977787733078 4
1769074585217 0.009713164530694485 5
1769074860099 0.008601102977991104 6
1769075111328 0.007842744700610638 7
1769075372550 0.007307020481675863 8
1769075635284 0.006841725669801235 9
1769075932461 0.006280967965722084 10
1769076272319 0.006073019467294216 11
1769076537793 0.005693071987479925 12
1769076804196 0.0055990503169596195 13
1769077064955 0.00528688495978713 14
1769077327397 0.005151133053004742 15
1769077601793 0.004977925680577755 16
1769077862274 0.004939471837133169 17
1769078128225 0.004665817599743605 18
1769078446392 0.00462442496791482 19
1769078733412 0.004400173667818308 20
1769079071240 0.004287860356271267 21
1769079331933 0.004162314347922802 22
1769079594807 0.00410512275993824 23
1769079855962 0.004260673653334379 24
1769080148814 0.004045159090310335 25
1769080442916 0.003950157668441534 26
1769080715221 0.0038699309807270765 27
1769080991543 0.003969311248511076 28
1769081257074 0.003821948543190956 29
1769081518496 0.0036840473767369986 30
1769081794220 0.0037185861729085445 31
1769082053596 0.003599871415644884 32
1769082314710 0.0036537274718284607 33
